40
40
5 5 5 5 5 5 5 5 5 5 5 5 5 5 5 5 5 5 5 5 5 5 5 5 5 5 5 5 5 5 5 5 5 5 5 5 5 5 5 5 
5 0 0 0 0 0 0 0 0 0 0 0 0 0 0 0 0 0 0 0 0 0 0 0 0 0 0 0 0 0 0 0 0 0 0 0 0 0 0 5 
5 6 6 6 6 6 6 6 6 6 6 6 6 6 6 6 0 0 6 6 6 6 6 6 0 0 0 0 0 0 0 0 0 0 0 0 0 0 0 5 
5 0 0 0 0 0 0 0 0 0 0 0 0 0 0 0 0 0 0 0 0 0 0 0 0 0 0 0 0 0 0 0 0 0 0 6 0 0 0 5 
5 0 0 0 0 0 0 0 0 0 0 0 0 0 0 0 0 0 0 0 0 6 6 6 6 6 0 0 0 0 0 0 0 0 0 0 0 0 0 5 
5 6 6 6 6 6 6 6 6 5 0 0 0 14 5 0 0 0 0 0 0 0 0 0 0 0 0 0 0 0 0 0 0 0 0 0 0 0 0 5 
5 0 0 0 0 0 0 0 0 5 0 0 0 0 5 0 0 0 0 0 0 0 0 0 0 0 0 0 0 0 0 0 0 0 0 0 0 0 0 5 
5 0 0 0 0 0 0 0 0 5 14 0 0 0 5 0 0 0 0 0 0 0 0 0 0 6 0 0 0 0 0 6 6 0 0 0 0 0 0 5 
5 0 0 0 0 0 0 0 0 5 0 0 0 0 5 0 0 0 0 0 0 0 0 0 0 6 6 0 0 0 0 0 0 6 6 6 0 0 0 5 
5 0 0 0 0 0 0 0 0 5 0 0 0 5 5 0 0 0 0 0 0 0 0 0 0 0 0 0 0 0 0 0 0 0 0 0 0 0 0 5 
5 0 0 0 0 0 0 0 0 5 0 0 0 0 5 0 0 0 0 6 6 6 6 6 0 0 0 0 0 0 0 0 0 0 0 0 0 0 0 5 
5 0 0 0 0 0 0 0 0 5 5 0 0 0 5 0 0 0 0 0 0 0 0 0 0 0 0 0 0 0 0 0 0 0 0 0 0 0 0 5 
5 0 0 0 0 0 0 0 0 5 0 0 0 0 5 0 0 0 0 0 0 0 0 0 0 0 0 0 0 0 0 0 0 0 0 0 0 0 0 5 
5 0 0 0 0 0 0 0 0 5 0 0 0 5 5 0 0 0 0 0 0 0 0 0 0 6 6 6 6 0 0 0 0 0 0 0 0 0 0 5 
5 0 0 0 0 0 0 0 0 5 0 0 0 0 5 0 0 0 0 0 0 0 0 0 0 0 0 0 0 0 0 0 0 0 0 0 0 0 0 5 
5 0 0 0 0 0 0 0 0 5 5 0 0 0 5 0 0 0 0 0 6 6 0 0 0 0 0 0 0 0 0 0 0 0 0 0 0 0 0 5 
5 0 0 0 0 0 0 0 0 5 0 0 0 0 5 0 0 0 0 0 0 0 0 0 0 0 0 0 0 0 0 0 0 0 0 0 0 0 0 5 
5 0 0 0 0 0 0 0 0 5 0 0 0 5 5 0 0 0 0 0 0 0 0 0 0 0 0 0 0 0 6 6 0 0 0 0 0 0 0 5 
5 0 0 0 0 0 0 0 0 5 0 0 0 0 5 0 0 0 0 0 0 0 0 0 0 0 0 0 0 0 0 6 6 6 6 0 0 0 0 5 
5 0 0 0 0 0 0 0 0 5 5 0 0 0 5 0 0 6 6 6 0 0 0 0 0 0 0 0 0 0 0 0 0 0 0 0 0 0 0 5 
5 0 0 0 0 0 0 0 0 5 0 0 0 0 5 0 0 0 0 0 0 0 0 0 0 0 0 0 0 0 0 0 0 0 0 0 0 0 0 5 
5 0 0 0 0 0 0 0 0 5 0 0 0 5 5 0 0 0 0 0 0 6 6 0 0 0 0 0 0 0 0 0 0 0 0 0 0 0 0 5 
5 0 0 0 0 0 0 0 0 5 0 0 0 0 5 0 0 0 0 0 0 0 0 0 0 0 0 0 0 0 0 0 0 0 0 0 0 0 0 5 
5 5 5 5 5 5 5 5 5 5 5 0 0 0 5 0 0 0 0 0 0 0 0 0 0 0 0 0 0 0 0 0 0 0 0 0 0 0 0 5 
5 0 0 0 0 0 0 0 0 0 0 14 0 0 5 0 0 0 0 0 0 0 0 0 0 0 0 0 0 0 0 0 0 0 0 0 0 0 0 5 
5 3 0 0 0 0 0 0 0 0 0 0 0 0 5 6 6 0 0 0 0 0 0 0 0 6 6 6 6 6 0 0 0 6 6 0 0 0 0 5 
5 5 14 14 14 14 14 14 14 5 0 0 0 5 5 0 0 0 0 0 0 0 0 0 0 0 0 0 0 0 0 0 0 0 0 0 0 0 0 5 
5 5 0 0 0 0 0 0 0 5 0 0 0 0 5 0 0 0 0 0 0 0 0 0 0 0 0 0 0 0 0 0 0 0 0 0 0 0 0 5 
5 5 0 0 0 0 0 0 0 5 5 0 0 0 5 0 0 0 0 0 0 0 0 0 0 0 0 0 0 0 0 0 0 0 0 0 0 0 0 5 
5 5 7 7 7 7 7 7 7 5 5 0 0 0 5 0 0 0 0 0 0 0 0 0 0 0 0 0 0 0 0 0 0 0 6 6 6 0 0 5 
5 5 5 5 5 5 5 5 5 5 5 5 0 0 5 11 0 0 0 0 0 5 6 6 6 6 6 0 0 0 0 0 0 0 0 0 0 0 0 5 
5 0 0 0 0 0 0 0 0 0 0 0 14 0 5 0 0 0 0 0 0 0 0 0 0 0 0 0 12 12 12 12 12 12 12 12 0 12 0 5 
5 0 0 0 0 0 0 0 0 0 0 0 0 0 5 0 0 0 0 0 0 0 0 0 0 0 0 0 0 0 0 0 0 0 0 0 12 0 0 5 
5 0 0 0 0 0 0 0 0 0 0 5 5 5 5 0 0 0 0 0 0 0 0 0 0 0 0 0 0 0 0 0 0 0 0 0 0 0 0 5 
5 0 0 0 0 0 0 0 0 0 5 5 5 5 5 0 0 0 0 0 0 0 0 0 0 0 0 0 0 0 0 0 0 0 0 0 0 0 5 5 
5 0 0 0 0 0 0 0 0 0 0 0 0 0 0 0 16 0 0 0 0 0 0 3 0 0 0 9 0 0 0 3 12 0 0 0 0 0 0 5 
5 0 0 0 0 0 0 0 12 5 5 5 5 5 5 14 14 15 14 14 12 14 8 14 14 14 14 14 12 12 12 12 12 12 0 0 12 0 0 5 
5 0 0 0 0 0 0 5 5 5 5 5 5 5 5 0 0 0 0 0 0 0 0 0 0 0 0 0 0 0 0 0 5 5 5 0 12 5 0 5 
5 0 5 5 8 5 13 5 5 5 5 5 5 5 5 7 7 7 7 7 7 7 7 7 7 7 7 7 7 7 7 7 5 5 5 0 0 0 0 5 
5 5 5 5 5 5 5 5 5 5 5 5 5 5 5 5 5 5 5 5 5 5 5 5 5 5 5 5 5 5 5 5 5 5 5 5 5 5 5 5 
